4371
#ccd	mValue	sigma	uppB	rawD	delta	oSDelta	lambda
1	20957.85	47.75	21101	1.22	2.14	6.28	6.838
2	19782.01	40.85	19905	7.30	7.78	12.25	12.629
3	20367.17	41.69	20492	-0.92	-.69	3.46	3.653
4	16417.28	62.04	16603	-3.23	-3.42	1.50	1.593
6	18241.14	50.58	18393	0.31	.30	2.40	2.616

4372
#ccd	mValue	sigma	uppB	rawD	delta	oSDelta	lambda
1	20981.21	44.81	21116	1.55	.49	6.32	6.882
2	19785.95	43.92	19918	4.24	4.54	11.87	12.237
3	20371.55	44.04	20504	-5.24	-5.18	2.45	2.587
4	16421.49	53.43	16582	-1.94	-1.90	1.76	1.869
6	18251.62	73.02	18471	-3.03	-2.68	3.98	4.338

4381
#ccd	mValue	sigma	uppB	rawD	delta	oSDelta	lambda
1	20993.23	49.92	21143	5.35	8.86	11.20	12.196
2	19818.79	38.78	19935	9.44	9.72	9.17	9.454
3	20399.24	39.26	20517	2.75	2.58	3.35	3.537
4	16447.46	44.79	16582	0.37	-.01	.54	.573
6	18273.43	39.41	18392	1.96	2.00	1.71	1.863

4382
#ccd	mValue	sigma	uppB	rawD	delta	oSDelta	lambda
1	21021.25	47.94	21165	17.19	18.30	9.46	10.301
2	19821.30	40.06	19941	14.87	15.14	11.70	12.062
3	20402.05	44.03	20534	7.01	6.58	1.55	1.636
4	16461.82	48.60	16608	8.08	7.72	.03	.031
6	18283.39	53.30	18443	5.39	5.67	1.57	1.711

4383
#ccd	mValue	sigma	uppB	rawD	delta	oSDelta	lambda
1	20964.74	47.39	21107	4.23	4.33	6.12	6.664
2	19765.57	39.61	19884	9.68	9.75	11.79	12.155
3	20355.78	41.51	20480	-0.47	-.31	2.15	2.270
4	16414.16	45.22	16550	-0.74	-.52	1.13	1.200
6	18234.73	42.71	18363	0.41	.57	.72	.784

4384
#ccd	mValue	sigma	uppB	rawD	delta	oSDelta	lambda
1	20992.42	50.39	21144	6.78	7.12	10.73	11.684
2	19793.90	40.00	19914	4.68	5.13	12.74	13.134
3	20370.15	41.41	20494	-4.89	-4.30	1.78	1.879
4	16424.27	45.32	16560	-6.01	-5.71	1.13	1.200
6	18254.44	45.94	18392	-5.68	-5.23	2.99	3.259

4385
#ccd	mValue	sigma	uppB	rawD	delta	oSDelta	lambda
1	20963.78	60.86	21146	-5.23	-4.28	4.65	5.063
2	19773.87	49.92	19924	5.04	4.81	11.53	11.887
3	20372.37	53.80	20534	-3.70	-3.93	2.89	3.051
4	16415.32	52.88	16574	-0.14	0	1.26	1.338
6	18221.17	42.23	18348	-1.70	-1.71	1.88	2.049

*.fits

#ccd	mValue	sigma	uppB	rawD	delta	oSDelta	lambda
1	20982.33	54.15	21199	3.96	5.63	4.94	5.379
2	19792.34	46.77	19979	7.84	8.43	11.90	12.268
3	20376.91	46.68	20564	-0.86	-.70	2.93	3.094
4	16429.34	52.86	16641	-0.81	-.50	1.48	1.571
6	18250.55	52.78	18462	-0.22	-.12	1.92	2.092


